[-192.84427745283804, -61.37731947324263]
[-23.448149309636992, -36.54353874147201]
[-0.8934834619489536, 1.4787559774417491]
[7.770182626066538, 2.1198329975243495]
[5.434961643602051, -3.158319955355929]
[-13.167599854043456, 1.9179107879201505]
[-1.791278725215773, 0.5240672415857848]
[0.5827478562076447, -0.5700523119631056]
[-6.190008873570957, -3.8906629307326566]
[0.6077375081707093, -3.5576281912664185]
[-2.784189328573323, -7.700609909114382]
[0.9392270922675183, 0.22977668730621792]
[-1.0686450418767635, 0.1784622577473724]
[-0.9021327110317987, -1.7507773585320772]
[0.4620111876728048, -0.34323140406259933]
[-2.508845542921093, -0.393110688805248]
[0.2562022304904046, 0.12050693136178514]
[-2.0315205525606674, -0.015611868236673487]
[0.5150760168313351, 0.022003733843539153]
[0.1481182398198193, -0.43912072643761135]
[0.03365824507270343, -0.11427723200175977]
[0.4632100780847239, -0.1853306951824667]
[0.3057755923006571, -0.18240704775363126]
[-0.3596831028276486, -0.37946642725077595]
[-0.5736929287655292, 0.6027172616311944]
[-0.09061909347187602, -0.006015457695808024]
[0.4050973313217323, -0.10321906425026572]
[0.7437364343849804, 0.24694737172379622]
[0.012098549310891826, -0.06677682090176784]
[-0.25728638608074883, -0.0038554563564607847]
[0.5339330247209717, -0.01644273170716204]
[-0.025833987497080768, 0.3446318048099668]
[-0.19451843838252758, 0.27892845434376046]
[0.10221121753595099, 0.16679718620629647]
[-0.2641294098160878, -0.9100808594576351]
[-0.513539840662974, -0.34738175878797817]
[0.7343163483235178, -0.5648946226100224]
[-0.1303419721449362, -0.3644435821725853]
[-0.8308672554974863, -0.06954832653686216]
[-0.004160133271889466, -0.4443195162290392]
[-0.11543885619990535, 0.14670340380846802]
[-0.3824802467043491, 0.9108151247314464]
[0.0851615284113234, 0.2118201890151412]
[-0.19999926419155423, -0.6518776158672579]
[0.2161541720218203, -0.15113309672625608]
[0.07154573681621113, -0.08733834097453386]
[-0.11375688872922063, 0.3455654844893936]
[0.5763688341687865, 0.19240794807341244]
[0.09029019262605176, 0.03278700438262261]
[-0.4429334951787407, 0.14784360380985673]
[0.08369859681150849, -0.062399528028685314]
[-0.4783868728646137, -0.1411619624764877]
[0.2205001373034975, 0.14177423703202496]
[0.1284968262082149, -0.11959287504857485]
[-0.44558050617747513, -0.5005999301429198]
[0.06872222038080245, -0.05700076954715172]
[-0.16657247416616827, -0.06476117949351945]
[0.035231748495109017, 0.378664941729153]
[-0.06808281324165083, 0.4235425071441683]
[-0.12201349404038297, -0.1357862341758045]
[0.01960286494170546, 0.06953661084594787]
[-0.21980143256580575, -0.344201285976127]
[0.03785512009606079, -0.038307023009322094]
[-0.15255133898455564, 0.13250911631417428]
[0.052419428508002186, 0.1405821306754529]
[-0.15353427473643788, -0.25902807329311317]
[-0.25898722718143596, -0.34351112176602316]
[0.057226262085141366, 0.29731031438302713]
[0.021020729423068096, 0.09979068010084502]
[-0.0676158390147783, 0.22398533592800973]
[-0.05512559074519752, 0.3191541442658006]
[-0.056638789416109336, -0.15972051640072726]
[0.0916751669747694, 0.1399465835551037]
[-0.3416250538517376, -0.0346762322088785]
[-0.09006474414642596, -0.016396834475432165]
[0.051515772362393575, -0.1229279421506721]
[-0.11716652793883242, -0.0381932108890044]
[0.12931814314973844, -0.143369447293292]
[-0.1408998964805389, 0.09807352849723172]
[0.04860186717231274, 0.1707818527048327]
[0.10040582402407533, 0.007014278038363186]
[-0.10481479385309189, 0.09655911656434005]
[0.014868802424064576, -0.010665197630018941]
[0.11207678251997966, -0.03738513530437026]
[-0.08246729730165125, -0.09791729863466136]
[-0.15695944592906597, 0.03955340883732984]
[0.07195940581924304, 0.08994183771013303]
[-0.05480467962574315, 0.0659483430090746]
[-0.09236101458090934, -0.03921549967593019]
[-0.08036177481357426, -0.13978578770063654]
[-0.041740783446208435, -0.04661173932851112]
[0.05398891850984752, -0.013221486919891813]
[-0.050282307984010066, -0.024002491398413095]
[0.023008805342597263, 0.014548567096753735]
[-0.030724778885099772, -0.013402207010705651]
[0.020484009672054458, 0.05483311597235556]
[0.0012290207563486755, 0.02347698867302558]
[-0.0005091766624753247, 0.02612010292772031]
[0.03214447586938676, -0.020766483010281132]
[0.0398094140347465, 0.003576924350995825]
[-0.0008691177079135914, 0.0014938545027405742]
[0.09108874440004841, 0.030762163721159558]
[-0.06270564423620179, 0.05268015231520862]
[-0.08458980733752591, -0.07240021422386284]
[0.03457969338319633, -0.15712781536542775]
[0.05383728550171901, 0.004997989833692873]
[-0.07058171536484281, -0.0752126755662752]
[0.11194189613479605, 0.038042786390378724]
[-0.012396931343368056, -0.05286744282001608]
[-0.04770656294437847, 0.04183036321574274]
[0.03583419045782954, 0.004775675229176157]
[-0.06013081470524817, 0.03761420827768058]
[0.026480290651318406, -0.04032171104285959]
[0.0003385531517337559, -0.08430349839321116]
[-0.051929630245060365, -0.010242677392559962]
[-0.008781793962395645, 0.00046333839849521663]
[-0.02844372208328705, -0.0032600970043661637]
[0.04461154578252574, 0.06107649902356804]
[0.024198239701486712, 0.03186898484552125]
[0.012567696115035887, 0.021316613997201972]
[-0.00389139674890282, 0.008320870395426727]
[-0.06848099674563815, -0.06861718451079468]
[0.04100271831950153, -0.027127470450436675]
[-0.006479978250301915, 0.052151572744491004]
[0.01630239543705836, -0.01186721779430977]
[0.043856567449095815, -0.034703418780896333]
[-8.674137613751132e-05, -0.08044266752614793]
[-0.003514916914020297, -0.05131556529970571]
[-0.045717304011054116, 0.040158464188637555]
[0.010289374357858608, 0.05636834063462559]
[-0.04755626667051205, 0.058146632297119805]
[-0.04254038445680988, -0.01573354688413553]
[0.03556900377386385, 0.05163874422074077]
[-0.011733940477225202, -0.05192649510095704]
[0.08356602543577274, -0.047926122372846214]
[-0.037952880068035155, -0.02259142344336862]
[0.02824341624048121, -0.02803205069980974]
[0.035467483139124345, 0.03309607966449013]
[-0.03792044837114594, -0.02838771079317659]
[0.010021782079276786, 0.022112413795582375]
[0.03845289158481169, 0.03302234526622194]
[-0.07543264621218687, -0.03154567741538772]
[0.008986514532559942, 0.006417962507422326]
[-0.04665762280183505, -0.05141903226706113]
[-0.037210593562576944, -0.0018744238083494569]
[-0.020223285093629917, 0.0017219752095454233]
[-0.01288320581976371, 0.01431191127853837]
[0.05137636733583073, -0.016778505299793633]
[-0.01788030771197957, 0.008079633388087704]
[-0.006104985906698168, -0.007985294272308319]
[0.028225036499854972, 0.007643513851080419]
[0.02964852132337603, -0.04086013140802325]
[-0.0025250821579538008, 0.0015919227014156156]
[0.029848639108549846, -0.005647067185440502]
[-0.002098090264167407, -0.00407448353376938]
[-0.04624357831434711, 0.019017662595734897]
[0.014306222254643303, -0.0006138560585003949]
[-0.0609555055600598, -0.002611649070808242]
[0.012144538352325138, -0.03024679192888413]
[-0.027932035456575632, 0.008939001236267008]
[0.0032820072057552913, 0.00413800675423337]
[0.004836736787078966, -0.008898621066302626]
[-0.023169808450099638, -0.03771363502389635]
[-0.0036293232275185217, -0.030948599659951725]
[0.0004526226227536123, -0.011930218988436714]
[0.0033021970219960783, 0.0009351370513923096]
[-0.04707283327287143, 0.016965978401233373]
[0.010098776577545099, 0.0014215065712663566]
[-0.014230176490348634, 0.04245109854283724]
[-0.06819994232288751, 0.024083322301206578]
[-0.00979382660859393, 0.008274005628570724]
[-0.0199708328501782, -0.015783814214606798]
[0.03363689632364175, -0.013002663904238099]
[-0.021509425802961724, 0.03800927952891299]
[-0.0007090237390766918, -0.0008243446084205686]
[0.02112845813548281, -0.008836959604314604]
[-0.025918536218705684, 0.009206694646102465]
[-0.009953893463766794, 0.009930070704186222]
[-0.015306607284522045, 0.029684710996006836]
[-0.033441779064825095, -0.012377354027129212]
[0.02276321486166344, -0.029382882676484284]
[-0.03928116855513408, -0.006564985721630074]
[-0.022563941327190168, -0.004454748045416929]
[-0.015892918333182182, 0.0041488086829330716]
[0.011070858690291022, 0.015942634830366342]
[-0.03560542305385514, -0.010995260776641307]
[0.009148969107310972, -0.011093123845766537]
[0.00023049989679427285, 0.03620953469375834]
[-0.000931316968565743, 0.02723633293305827]
[0.02238769248902842, 0.027889699083355896]
[-0.025287033174976922, 0.03250028894613871]
[-0.006916488097120248, -0.0007977918157289834]
[0.002173320254872463, 0.0005493140597014889]
[-0.03371715520002007, 0.008239680839924365]
[0.013495728956505262, 0.002739095775442766]
[-0.019821258315605522, 0.0063509879583106]
[0.014293502152917054, 0.00875523880365836]
[0.004162379883928841, -0.020236686281680655]
[-0.02201041368759518, -0.010937966641204187]
[-0.003703219314373757, 0.012727162757787874]
[0.007058940290242344, 0.0018778986855779983]
[-0.012571508633691941, 0.011907371113458465]
[-0.005904359574793905, 0.015388177875821595]
[0.030355094871129168, -0.014112878514351335]
[0.0008621549111552662, -0.002153267014819285]
[0.02698827403743609, 0.0003983888701371563]
[0.004675929726646044, 0.007210512833732752]
[0.006614969466082143, 0.011120400668555908]
[0.01800630057583913, -0.0033507649452626798]
[-0.00554864852232842, -0.0005501555598164676]
[-0.0015862476291370609, -0.0016140788071380419]
[0.012477859995249918, 0.037913113349770544]
[0.000643522400248453, -0.0066422677211993575]
[-0.005530703107762491, 0.005508097574719928]
[0.000999805338382287, -0.006670417246742666]
[0.01745209056524613, 0.017547461473704562]
[-0.004685828003787584, 0.00986783197867147]
[-0.008123064659849757, -0.0016421048163781649]
[0.0051495459423899215, 0.0033023013586728767]
[0.01768448592644138, 0.005024773158982865]
[-0.020174461261954768, -0.007916062199467]
[0.009206740536091107, -0.007399140828931561]
[0.010953665074701746, -0.0018848665444626267]
[0.013193195028192424, -0.00043434374359441197]
[0.0062448080962173025, 0.00330464643571704]
[0.01712600575816653, 0.005750574514333473]
[-0.021312154531751226, 0.007315273056974936]
[0.0068398033245119505, 0.012927767689631331]
[-0.01179121382128423, -0.0003936885662165768]
[-0.013483979019779435, 0.022891157969098463]
[0.028460539676659513, -0.00024657005608474947]
[-0.015399659602147064, -0.010635450534520197]
[0.017816768792590865, -0.019931231189729504]
[0.01760171719855025, 0.00225790078807242]
[-0.010488362987450262, 0.0033708930601685783]
[0.00547951774798916, 0.013537139679506871]
[-0.011455819722949512, 0.007431746199555778]
[-0.006186686550463838, 0.01341558864987169]
[-0.010839164557846726, 0.024548599141379746]
[-0.01900226378050157, 0.004096381334393717]
[-0.011509985098123371, 0.010162428922783628]
[-0.016581893633110467, -0.007441438076830287]
[0.00012329019349910375, -0.019257761448629562]
[0.01213093979066654, 0.0013317861338717485]
[0.004484299317525364, -0.009740473337342626]
[0.0004348278756731161, 0.0012261804309853797]
[0.006572899120247708, 0.010233369530967984]
[-0.01139612765338699, -0.00845629324685021]
[-0.018824351780011878, 0.016183023917475836]
[0.0015004103382086909, 0.008040961949812964]
[-0.020901902750293338, 0.0070252054892963045]
[-0.013886515975845337, -0.000292676448785556]
[-0.008165931089991228, -0.002915722858836789]
[0.003239935649674841, -0.007980898952248794]
[-0.016613862249880887, -0.003541875057503807]
[-0.0078108105205507705, -0.006278969066465467]
[0.0007202585054577049, 0.003415546582609008]
[0.0030021648802429635, -0.013254154619803865]
[-0.0034368845236751183, 0.005561640871718954]
[-0.009248565059980784, 0.002072844703377985]
[0.00939556724806373, 0.01804486444531861]
[-0.0017296168402426981, 0.009216258438048464]
[-0.014261238919013763, -0.011062110712310724]
[0.013484379460872664, 0.001935488323576054]
[-0.021533440902115758, 0.004870157206633696]
[0.00696564073183864, -0.00045778505538476844]
[-0.013801308675128132, 0.004943338319127855]
[-0.002999703644612828, -0.0064367497637670135]
[-0.01655020069863264, 0.0014102032638527162]
[-0.012666819016789121, -0.012308253812062159]
[-0.004543015523116201, -0.017339665509976038]
[0.010790295741586076, -0.020583040712698127]
[-0.011534111953829224, 0.0022212522906282783]
[0.00951236887493423, 0.0040512053277805046]
[-0.013503773738062747, 0.010106697648559593]
[0.00667492958016927, 0.003208691956649799]
[-0.00404912927942086, 0.01182965879670203]
[0.006962915067160097, -0.006244260921018175]
[0.0024051527429861386, 0.00318049537136654]
[0.007395867723592631, -0.010954950630546039]
[-0.0036769180649414562, 0.0030109052460450952]
[-0.0017886607021601053, 0.00477267391997588]
[-0.002674113203064682, -0.012706490421390645]
[0.0005182076436084718, -0.001297143495286878]
[0.009964399001734086, -0.004619911252876505]
[0.005094621538361948, -0.007129751743560543]
[-0.004816096925515996, -0.006320789747338576]
[0.0070710697357822365, 0.0018081657380138103]
[-0.0009762379937919355, 0.009755947978809007]
[-0.0036989735710971847, 0.002066665588361105]
[-0.0038203974860241408, 0.0010308274906959715]
[0.003366030019772717, -0.01091122870242725]
[0.0005459052362519479, -0.010595303739446293]
[0.0038802589650948627, 0.0003050242435203576]
[-0.00323570161831066, -0.0047947969505687735]
[0.016832370133638586, -0.0059884119078829345]
[-0.001105902937276415, -6.883669826444547e-05]
[-0.0031058381505355004, 0.0059349639025539636]
[0.0023001439877628205, 0.009803336972759919]
[-0.009462791348824301, 0.0011727690980153083]
[0.013377173148610588, -0.011338079711127866]
[-0.010839450956140667, -0.004951568777065235]
[0.002618778482222861, -0.008414630319252221]
[0.00908773708385971, -0.007369496404346532]
[0.008372028053780678, -0.0055086411345574016]
[-0.0016979983195517245, 0.0013559421864254295]
[0.004505707938240566, -0.009852824061367227]
[-0.0027775271358774084, 0.002309167459363548]
[-0.004267532293146803, -0.002359460600927274]
[-0.00272575992667215, 0.0018623525610205194]
[-0.007287762938900488, 0.0037644982137275407]
[0.0011819556908706785, 0.004328366513433046]
[0.005330604178560849, -0.0049179080865314195]
[0.001116440732284854, -0.0027526425266568566]
[-0.005509890103820747, -0.015220907665773553]
[0.005303267269944206, -0.00029608551321363974]
[0.0026864031847910197, -0.002584953219880004]
[-0.0026590539690626077, 0.0018756391718645071]
[-0.008830810522433785, -0.0034857077546188164]
[-0.005141373302151303, 0.005314717285624604]
[-0.0005872669075326908, -0.0009068781207511312]
[-0.017821897257131583, 0.006053990951392918]
[-8.479811770706336e-05, -0.004223636022563371]
[-0.0034711508019008297, -0.008119232484687988]
[-0.007221687747038574, -0.016720581761349884]
[0.007588248664761932, 0.004053887285213498]
[-0.013649218248396267, 0.0031397450397021576]
[-0.003093655229770287, -0.005440935569578531]
[0.0030713264803324813, -0.0007665850613803316]
[-0.011357924679235992, -0.01649422309314963]
[-0.001403774054310497, 0.0013218045130117262]
[-0.0032227531175572366, 0.0031283006918142453]
[-0.005874057835225821, -0.006135938252308459]
[0.004155969125471254, 0.005083806366970145]
[-0.007386162961894427, -0.0025194507804921495]
[0.003953097595744859, 0.01146068189537569]
[0.00038811541469815913, 0.004911542132742752]
[-0.008060763497829304, -0.00016044470971304792]
[0.0015018371066969627, 0.0032271532921485657]
[-0.0067953496682677805, -0.001595601454026263]
[-0.010590706011843476, -0.0015034754431960673]
[-0.0012427232766316076, -0.013929266209201319]
[-0.002393741800525956, -0.007536679488997944]
[-0.0059190324421998786, -0.0013742407976337079]
[-0.001345099828731544, 0.0003763565120160628]
[-0.008563860262847167, -0.004008878373739755]
[-0.002954075723681922, -0.001537433991857462]
[0.0005643908907351225, -0.002178295164109223]
[-0.0017265771598439228, 0.005415673944038413]
[-0.0020927139726270583, -0.004716212033117867]
[0.009403803113920722, 0.00485358122906987]
[-0.007112905926913438, -0.007162765533756499]
[0.0052362912952982205, -0.003173750383808238]
[0.003828609585819598, -0.002424081320361371]
[-0.007634652762800037, 0.0024132786315927968]
[0.0021904348363315784, -0.00025523795019360973]
[0.0030703873240215257, 0.0018287644492802069]
[-0.004502894441065941, -0.0004735194463403175]
[0.0050507762096316244, 0.0019363103895664868]
[0.0003896193351342614, 0.00019824650639629904]
[0.004937191022824791, 0.0030331956322503517]
[-0.005639898894016615, -0.0040992324102784305]
[0.0031207146556689186, -0.0025050940297361712]
[0.0039363859679877045, -0.0020360298598730564]
[-0.004596519198032029, -0.0003932233122975193]
[0.00037730894028797923, 0.003468937992835701]
[0.010719394036734359, 0.00548611971694668]
[7.157874274923981e-05, -0.003790694984398905]
[-0.00012572661605669833, -0.003254563867782889]
[0.00018189658985812152, -0.0016413532634483637]
[0.0032075009859857118, -0.002928013786786504]
[0.0005826720801437035, -6.903540530599564e-05]
[-0.0015532053428457676, -0.0015664784791002279]
[0.0002051627011211976, -0.0012818528451155383]
[0.0026329949754489088, -0.0037336434067545485]
[-0.0020757273774806018, -0.0012782666837813372]
[0.0020409575358237703, -0.0010089449541175882]
[0.006176505533747004, 0.003398029795978313]
[-0.0037784434571939, 0.0009180680703907429]
[-0.004748460369343727, 4.3796171191075664e-05]
[0.002447056115455681, 0.007870302872719772]
[-0.00014738287294390612, 0.00896391492845252]
[0.0010940699649114524, 0.0009460107755913001]
[5.65682437792675e-05, -0.0010324641316668756]
[0.004519310935112021, 0.0011478547563142823]
[0.009864294668459936, -0.0014221090140580303]
[-0.0034736117826631857, -0.003051521612120441]
[-2.3252700320983144e-05, 0.0003718333875397106]
[0.0023029860605733588, -0.003019115425267418]
[-0.00543317912607752, 0.003302186869033996]
[-0.0015815039386230523, -0.005228100205405553]
[-1.2519079659711885e-05, -0.0021103114760751412]
[-0.0003818734587482109, -0.0023230448392176847]
[-0.0039986841442413296, 0.0038112686310746158]
[-0.004298699681267615, 7.629490790281995e-06]
[-0.0016516428036867231, 0.0023371250623521467]
[-0.0020769134575321924, 0.0014936652965586682]
[-0.0009276616517976399, -0.001931572692991379]
[-0.0007616290355500765, -0.001273639984558872]
[0.0011987965930274902, -0.004236486173718967]
[-0.0016256078661214812, 0.002264724582640834]
[-0.003853060798581512, -0.0037317664714232313]
[-0.0020510662639895982, 0.0013752388893416984]
[-0.0038520408460614997, 0.002199361306661207]
[0.0023800539600695725, 0.004575103578415743]
[-0.0020798647070793264, 0.004018994192339753]
[0.0012617294734125206, -0.0037101616683797023]
[-0.00248524182580339, 0.003929051870049993]
[0.002630576992974809, 0.005077544033274456]
[-0.005419618199993016, -0.0036153031362174404]
[0.001342669886987058, -0.0031066727860248056]
[-0.0011820626378345953, -0.005912725454728429]
[-0.0008719481552499908, -0.0022415017678828475]
[0.0008417663017022698, -0.0020152893265827365]
[-0.007567223929227429, -0.005860082255729565]
[0.0014319400897042575, -0.003037906890659081]
[-0.004618207946966102, 0.0030343993488221033]
[-0.00677329341312994, 0.005019274829166309]
[-0.000350475211485346, 0.0017967735353619507]
[-0.0032205029534190383, -0.0010489266015776821]
[0.005597693529130865, 8.069367885621404e-05]
[-0.005169749415532318, -0.0010705160169006134]
[-0.0010038876837982214, 0.001308427308466309]
[0.0029861656001089476, -0.001057941037971577]
[-0.0029560181537085506, -0.0007880656128403385]
[-0.005275493796777997, 0.006610916697188662]
[0.0002846601462602183, 0.0031205355441926153]
[-0.005042640136712212, -0.002160696471175505]
[0.002176975216561794, -0.0035078531230837706]
[-0.004816148687144112, -0.00190950035661408]
[-0.0010151855678970922, 0.0011725611405968839]
[0.0038810697444822406, 0.002167667339015189]
[9.845166054575638e-05, -0.0034726689171480918]
[-0.001874530106195954, -0.002777953580903214]
[-0.006889339413371429, 0.0006336426725836453]
[0.00029517294884764955, 0.0013205727403896583]
[-0.004746958209788488, 0.0038059420974486113]
[0.00046968440623901264, 0.0018675251129762205]
[-0.0011508412699152495, -0.004568082171205523]
[0.0019673964107169706, 0.0029482134926874237]
[0.0030669066293370455, -0.0015559709085831153]
[-0.0009627550543144792, 0.0019958207654342808]
[0.0029826934157325072, 0.004028349081492577]
[-0.002427169435039067, 0.0014370734680975161]
[-0.00225220853980327, -0.001774974928694828]
[-0.00156761478437778, 0.0030067553007598335]
[-0.005356840984776866, -0.0013189475408999507]
[-0.004573639911225058, 0.0015615209171814248]
[0.004987358971180279, -0.0022965138783596073]
[-0.004145425387176216, -0.0028479967151368024]
[-0.0037469990180348384, -0.003716729676094821]
[0.002076402307803815, -0.0014083334135879394]
[-0.002229060049753387, -0.0027194180832149917]
[0.0006808720083385789, 0.0035840433392815285]
[-0.0002591053330480847, 0.007366786912924389]
[0.001632200327835176, -0.002297817344142021]
[0.002868005074986718, 0.004758067226713153]
[-0.00026773117061279494, -0.0012840055217374427]
[-0.0002960075555846764, -0.0010523594520520652]
[0.0035673240117452543, 0.0011886609312334387]
[-0.0014391141596764995, -0.00239383312687802]
[0.003904275659847356, -0.0010128389772258925]
[-0.0009066673757010674, -0.0012573919485387303]
[-0.001611375451350261, 0.005352491946541396]
[0.0015200373223265562, 0.0002489800573866746]
[-0.00554165427996646, -0.0013177823165915958]
[0.005687901614620627, -0.0007015780603137345]
[-0.000864502701903691, -0.0017422872694080986]
[0.0015475116936412847, 0.0007999368081930969]
[-0.0005658123413730398, -0.0018959830411741582]
[0.0035180247080055863, 0.0014474303587180964]
[-0.0012389079032663827, -0.001619044526186681]
[-0.00140918354536064, -0.000492788351603303]
[0.005232740714936613, -0.0045789454338852195]
[-0.0048326207099967135, 0.0014803743459200318]
[2.2492224903255566e-05, 0.002007402685109662]
[0.0013717399057171786, 0.002883134694544737]
[-0.0013562821893936886, 0.004061593583696295]
[0.005238693488131781, 0.0003160777600724387]
[-0.0013241209797909895, 0.0005670356862234188]
[0.005528087067245252, 0.002960211960278095]
[0.001573642325914934, -0.0032056768172166114]
[0.0025986800682508, 0.0014659945595112203]
[0.0025519115468163184, -0.0022514379399568574]
[-0.00464544748140569, 0.0018601516483816504]
[0.0020560324219531523, 0.002236375521163264]
[-0.0021652784998821284, 0.0016333895347086557]
[-0.0029568491520490098, 0.002116220447029693]
[0.001598348698617802, -0.0016643707357857414]
[-0.002218738415731128, -0.0016271403689097214]
[0.0038931086467192955, -0.0008742752662544168]
[0.0030387344109539527, -0.00045092811103214503]
[0.0026322546333341634, 0.003653875616001237]
[-0.0029761516312959146, 0.0006655274894601104]
[0.0028845758496209017, -0.0005792689791590741]
[0.0013626485179901032, 0.001187064134675786]
[-0.0034981046512971015, -0.0001644330285013318]
[0.0011708344231159684, 0.0019100243209876633]
[-0.0020086782894947475, 0.0010415796798014937]
[-0.003109977074269271, 0.0008117479292669982]
[-0.0013562783801353007, 0.0015242973953085992]
[-0.0018932372400773528, 0.004020176521454172]
[-0.0003267377087753376, -0.0016965875021176663]
[0.0005420002501461546, -0.0008691882586269739]
[-0.0016606400991200643, 0.0006707602180043293]
[-0.00045089153502433227, -0.00025249468986843215]
[-0.003264322337746317, 0.0025602506372450207]
[-0.00248549292026164, 0.0027120980795540817]
[-0.00021220900758872618, 0.0038077887829508217]
[0.0007455106463907591, 0.0015031787716157097]
[-0.0011627153765172427, -0.002500066115605104]
[0.0019161681300853411, -0.006734054360830577]
[-0.0016327612092113808, -0.002417074358882637]
[1.8701478327963483e-05, 0.00485819559649564]
[-0.003695840090850444, 0.0013450318454199806]
[-0.004345711753157885, 0.0034893757881265253]
[-0.0008487388894607151, 0.00038783110074835925]
[-0.004096341312925744, 0.0021270033724818393]
[0.0012746477084288332, -0.0029919118207341056]
[-0.0014297761485251442, -0.0016555260594718346]
[-0.002356899952666025, -0.0017604077692338627]
[0.001434789265080491, 0.0007538466772902819]
[-0.007015220766099894, 0.0005934391308949349]
[0.0013591744465463462, 0.00032506959057199136]
[-0.003795283515728526, 0.0031677792917730874]
[-0.003961753777783572, 0.0007387942477966036]
[-0.003882695054682611, 0.0014431772722439673]
[-0.004419667245113612, -0.00044965982206238153]
[-0.00020931031746007633, 0.002439389770696021]
[0.0007166832621462726, 0.0008984390159474387]
[-0.0007257252676408782, -0.0003997470608029241]
[0.002474447648646322, 0.00027707471361282376]
[-2.3573750965732998e-05, 0.0005260757934895666]
[5.9450304759678385e-05, -0.00039239141077995754]
[-0.005891606976753214, -0.0025885077744722818]
[-0.0005780840667135856, -0.0001590851149339545]
[0.00067209228355269, 0.002869018789723732]
[-0.0003448270521823893, -0.0009152286196301429]
[-0.0008227400678547415, 0.00020566994019832752]
[-0.002737051169451915, -0.0027203641613201546]
[7.891137398521528e-05, -0.0015316225735685918]
[-0.0025602653545910292, -0.00234667419189126]
[-0.003042511419700654, -0.0026408244670098335]
[0.0054105121353353325, 0.0021023282337122445]
[-0.002658646736867998, 0.001700816131856825]
[0.001594314667203639, 0.002712740940958927]
[-0.0006413680057870408, 0.003176384148614292]
[0.0012617504789800282, -0.00037965323026159514]
[0.0019438625837777668, 0.0008493795952625449]
[-0.0022098864633354476, -0.0009917736543377936]
[0.0002463348250112546, 0.0007218408290617095]
[0.0026858976834521764, -0.0005659206815652185]
[-0.0003645333321178612, 0.0006656716110527983]
[-0.0027705385084842715, -0.0011548094005070786]
[0.0003086416442837775, -0.0016572021865890185]
[0.0012821721343964643, -0.0019965678478198155]
[-0.0006391966478603434, -0.002817953227422898]
[0.0028191244655926956, 0.0006681010715115059]
[-0.0006117986211877924, -0.0028421868720695798]
[0.004264195644580554, -0.0006507768812914752]
[-0.0019735234219183037, 0.001019229633751853]
[0.0018713099431147823, -0.002935111581103696]
[0.0011469904485001056, 0.0024742722808996642]
[-0.000500533482552093, -0.001854112789820784]
[0.0028707528551501493, -0.001606291511254944]
[-0.00016926365157476225, 0.00014042834349915073]
[-0.0010934235856812323, -0.0006584944269714399]
[0.003535285592438646, 0.003197357133538338]
[0.001697750108123959, -0.0004130070630606539]
[8.160154638897632e-05, 0.0015922988313277322]
[0.0014674558926467173, -0.002860657157483627]
[0.0006754230594619411, -0.00020146304113560082]
[0.0003734566069355655, -0.0025406145387963956]
[0.0002326828689460103, 0.0019466200218056333]
[-0.001993852598102863, 0.0031411517278536376]
[-0.000868727818858897, -0.002263269408134226]
[0.0005059135755458508, -0.0036533254465839268]
[-0.002506832509575417, -0.0011495930409895702]
[0.00012040608176752676, -0.0003235733289598114]
[-0.00024528742087216726, -0.0011567431389545024]
[-0.0010550828278738655, -0.0005532057936233894]
[0.003102873119828514, -0.0027191371851324753]
[-0.003306326184022629, -0.0007032800968646323]
[0.0024580276270542434, 0.0023195311458344414]
[4.801996539269271e-05, -0.0012623545220174087]
[-0.0007001527029396465, 0.0013106579921436101]
[0.0027065634172651065, 0.0011933658470208094]
[-0.0016002445681707195, 0.00018749219522767868]
[-0.00032120514005429257, 0.0005506954067685046]
[-0.002429619052106688, -0.0009040915171267816]
[0.0009536981812525158, -0.0019242330395587842]
[-0.003501696187533321, 0.0008256799735166798]
[0.001204812704029501, -0.0008211481676815569]
[-0.0002711631842105336, -0.0013883981479811958]
[-0.001795192863963041, -0.002296490293085221]
[-0.0011307098247538144, 0.0018509729013441723]
[-0.0018127066710334205, 0.0016387104424467613]
[-0.0014297438767425577, 0.0004095012754256888]
[-0.0007016280561558397, -0.0005384075923898224]
[-0.0012013580580378276, -0.0029137539268422608]
[0.0003410287855207528, -2.3150624778520146e-05]
[0.00042623607286385035, -0.0013324604775562243]
[-0.0007862771902986676, -0.0006801642924723073]
[-0.0005951533314249727, -0.0013490661238131085]
[-0.0030052672658045787, -0.0007124351920915761]
[-0.0007756049223859272, 0.0016441551893172368]
[-0.001127001242479747, 0.0008287887995535037]
[-0.002735278077987246, 0.0004744453191520004]
[0.002704127359823588, 3.7581100920225374e-05]
[-0.0012615417553894157, -0.0023050907352138994]
[-0.00018211373925969276, -0.0009712009503173302]
[0.0005120394361906033, -0.001303283725385851]
[-0.0027381993786237124, 0.0004268413987441877]
[-0.0021362611136488407, 0.0003250905105763313]
[0.001806484912175832, -0.0003626980398162838]
[-0.0016262546332672656, -0.0008683469181809123]
[-0.00050461429069662, -0.0006669239127183035]
[0.0010766085147353027, -0.0019898993597883274]
[0.001076452804584696, -0.0004633491983193905]
[-8.008319982424905e-05, 0.0005378948770482506]
[-0.0010219981304780273, 0.0007271796074532766]
[-0.0007014966173733983, 3.054534195440217e-05]
[-0.0007774699070080826, -0.0004592490621155021]
[-0.0005433334335600559, 0.0014991271159801312]
[-0.001344631335533919, 0.0017873029208731739]
[-0.000740576073303606, 0.0007455308324270937]
[-4.93938968678595e-05, -0.0016640666546952343]
[0.0004444979375361757, -0.0014259907307796749]
[-0.00016372468227665582, 0.00019943945707079358]
[0.0004588283449455943, 5.685880019046241e-05]
[-0.0008484218870425768, -0.0004372625914657591]
[-0.0012814328375310713, -0.0027514417260822155]
[-0.0011737333447526125, 0.0016905124055432152]
[-0.0007768859385409999, 0.0018854206826382502]
[-0.001132514125436121, 0.001791880720690836]
[-0.0026906038082975536, -0.0005778735778618205]
[0.0039410641291213536, 0.001526083877697204]
[-0.0008052721785618278, -0.00019336209412194882]
[0.001019934267175747, -0.0011141933820365824]
[0.0031204799212810608, 9.046774011242653e-06]
[-4.0489177613449445e-05, -0.0009570716226882658]
[0.0007111882488270438, 0.0014660123853313667]
[-0.000793350389177383, 0.0014040629091682244]
[0.0003661038296299268, 0.00022685031716856985]
[7.166349761075774e-05, 0.002619207231369658]
[-0.0041743033837161325, 0.0021273682000387886]
[-0.00014987474753309915, -3.242634390576704e-05]
[-0.00018224624909410347, -0.0008181114155807502]
[-0.000413163349612361, -0.0013118715356392474]
[0.00018536112709675867, 0.0006477388911627462]
[0.0006605974183533508, 0.0009369464915710418]
[0.0005501582353845402, -0.00023862097238922138]
[-0.0010952738467625012, 0.0017152085454228833]
[-6.98721607792635e-05, 5.026723721846243e-05]
[-0.0009657487660276465, -0.0002626368020136466]
[-0.00016380960764382502, -0.0008930149187108905]
[0.0019221321637023156, 0.0012410139434049505]
[0.0007216369440187637, 0.001521582226101239]
[-0.00010058221219633873, 4.6753216129818975e-07]
[-0.00276355921699991, -0.0002494207134690349]
[0.0013823082831974365, -0.0004311030130717021]
[0.0004426542365528058, -0.0018519264778258226]
[-0.0011135722754524388, -0.001617409846528431]
[0.0006770403208339396, 0.00021333218124199547]
[0.0005606757983618229, 0.0003992189224435033]
[-2.626849494970218e-05, 0.0023923664414890935]
[-0.0017159514457304494, -0.0005741054477564184]
[0.0009602374364726073, -0.00015323114625405074]
[0.0014051046447310263, 0.00046356092079038406]
[-0.0002636567561778158, -0.0005685433655020881]
[-0.001969933808344815, 0.0001116401802797309]
[0.0019136162671446327, 0.0010505140108146988]
[-0.0010423767855424204, 0.00028568732434797184]
[-0.0004426400212251408, 0.001848664225329151]
[-0.00035210764387681726, 0.0002930040816825812]
[0.00027422904983603197, -0.0008437987642159195]
[-0.00013376523947392083, -0.002262668066017181]
[-0.001735781906431158, -0.00015187770888833163]
[-0.0006345369888238472, -0.0015011281768175936]
[0.0009625231000852247, 0.0010662279049687279]
[-0.0005432871789134569, -0.0007133411327526137]
[-0.00010603491909685209, -0.001799280292848232]
[-0.0014688034018289359, -0.0005365478119703712]
[-0.0005897375821546369, 0.0012351161166657687]
[-0.0010916570440601125, -0.00036530803357171307]
[-0.001293371793038213, -0.00014358677068743164]
[-0.0016028322163667563, 0.0005428772138202989]
[0.0015272615246765958, 0.0014547998002786555]
[-0.0005250585258808338, 0.002314807967967694]
[0.00022852378183127464, -0.0007039323405014231]
[0.0010172026549101487, -0.00174469063557596]
[0.000786592756939701, -0.0006715496819615918]
[-0.001655624368034736, -0.0004311977254759236]
[-0.0003523112858455357, 0.001668771917805456]
[-0.0007956202442633287, 0.0018326085531282094]
[-0.0012639614406237294, 0.0026033904692586984]
[0.0006283183351858679, -0.0007203260134935607]
[-0.0017840425885641779, 0.0008762118203687053]
[0.00034144876860464635, -0.0016267708393182811]
[0.0009993953391080161, -0.0022018565685174296]
[-0.0009107716001420796, -0.0006404659598787665]
[0.0008003410478323869, -0.00011113277689481227]
[-0.0032073536784052448, 0.001324302301510788]
[-8.153409701321807e-05, -0.0003328908431724231]
[-0.002390191743404435, -0.0007440039806683452]
[-0.002743922537988816, -0.00016612621726502796]
[0.0019220510553726033, 0.0009088276309101861]
[-0.0011057602293075564, -0.002824346945573347]
[0.0012747309549868968, -0.0012935843081509635]
[0.0019542806737922885, 2.618511949309399e-05]
[-0.0010580157989860672, 0.0007627048771891021]
[0.0013721104342665352, 0.0020131713173520416]
[0.0002253712671794056, -2.95467486601253e-05]
[0.0001130726672335658, -0.0010813541799051807]
[0.0005924884695031885, 0.0008767245027010984]
[-0.0008344853806062924, 0.0006416503337207946]
[-0.0009041987442958005, 0.0015076159035906367]
[-0.00015510332918855507, -0.0009862799777498876]
[-3.945343895080111e-05, -0.0015764084615262353]
[0.00038605994032892, -0.0017830537764836896]
[0.00032951379986688456, -0.0027624452051558945]
[0.0010210339915258382, -0.0017728999846913784]
[-0.00029736940416934254, -0.0011680749579362215]
[0.00018031062079704174, -0.00038517052883135783]
[-0.0012717180241359448, 0.0011092076373478976]
[0.001973922127438854, 0.00017564247244955533]
[-0.0002388993465783154, 0.00027014329297617157]
[-0.0008596944676727558, -0.0009082321733249743]
[0.0016762105926937804, -0.00028952578631774584]
[0.00025923086034818077, -0.0007376730174448592]
[-0.0012275966250440244, -0.0015411820203821147]
[0.0009072595912364978, -0.00130436581206618]
[-0.0012633440906324109, -0.00013370413849531082]
[0.0002504322090318978, -0.00019946723617142448]
[0.001466929445068911, -0.00026232308630913526]
[-0.00262188661411078, -0.0013994808563609906]
[0.0012889335534907315, -0.0005478148599372401]
[0.0004630564192763531, -0.0006720433546849591]
[-0.0011395715313709046, -0.0004658160856662874]
[0.0015928614985917522, 0.0005465831946998914]
[-0.0006795310892259779, 0.0017865403055508378]
[-0.0010640632251465998, -0.0011061441322453014]
[0.0007677472271184968, -0.0008307725829554552]
[0.0005130055689410717, -1.8758233454346795e-05]
[-0.0001549984686660677, 0.0011890271836995786]
[-0.00041238954665683003, -8.029750762589966e-05]
[0.0009663002993863523, -0.0012911866764609287]
[0.00018940196175638857, -0.0013635385864137787]
[-0.0012548762999468194, 9.801463013449363e-05]
[-0.0009439526205492071, 0.0008165782099903837]
[0.0006864538337114229, -7.791663589921255e-05]
[-0.002732046762287277, -0.0006667371892159673]
[-0.0001470275415703312, -0.0012753456328637794]
[-0.0005662248050634297, 0.0003710606949807625]
[-0.0005393542967324499, -0.0005730605777861872]
[-0.0012891826343385399, 5.113774042126741e-05]
[0.0012092952267980725, 0.0017096925788664327]
[-0.001855926717395484, -0.0008358365137512607]
[-0.0005241855823179768, 0.0003959010931328961]
[-0.001792722716732014, -0.0008999149954033248]
[-0.0005577394813600653, 0.0006467065625943621]
[0.0002525448942976164, 0.00047887206003898765]
[-0.0006020384106548253, 0.00047478822492317933]
[0.00039412037170212175, -0.0005162315689673964]
[0.0007410533027336734, 0.0009148353628011799]
[-0.002567527555348264, 0.0012359211716162187]
[0.001063866999522066, -0.0009376420349212463]
[-0.0006792466100472502, -0.00016214522032580864]
[3.3436293057263755e-05, -0.0006426552405411423]
[-0.0002060693171571648, -0.0002484586928965804]
[-0.0006272296544583417, -0.0007114077848561686]
[0.00023755721252373407, -0.0002346607356608077]
[-0.0007481165478817331, -0.000279061598258835]
[-0.0021289626622635754, 0.0013704355013343522]
[-0.0008614396570316013, 0.0001163917445223591]
[-4.609358173288808e-05, -0.0008042632320926363]
[-0.0008736047627350974, -6.866966900184561e-05]
[-0.0006081668836994195, 0.00027409912157130845]
[-0.0009194927456001589, -0.0005403746161608235]
[-0.0009482370821004768, -0.0009353795965395817]
[0.0013894498446895692, -0.0008171866942494922]
[0.0001983321176869876, -0.00018556426748607413]
[-0.0004700660187567651, -0.0012845756476261225]
[0.0004911357869696736, 0.001392506294100454]
[0.0002820072791424322, 0.0008353476993939526]
[-0.0010945683745413742, 0.0014744044067770412]
[-0.0009265032655536576, 0.0007392711752737188]
[-0.0008600414457647296, -0.000440898283830371]
[0.0010198624057099204, 0.00036241963333333294]
[-0.0001297133024828652, -6.457730706982412e-05]
[-0.0013809762334180686, -0.0018619008829210276]
[0.0014861392478110868, -0.00027783738144046555]
[-0.0013874493601885307, -0.0014890838515090182]
[0.0006786591557982544, 0.0005967032019222052]
[0.00019404778437076553, 0.0005271300990845051]
[0.0004165335304755838, -0.00040619955391571483]
[0.0013490863329878033, 3.7000953524019e-05]
[-0.000677085473685772, 0.00023990109667784698]
[-0.00040199119392644866, 0.0006811302006739794]
[-0.00014453032384414977, 0.0004881101764439566]
[-0.00015304773929042392, -0.00021864844071084466]
[-0.0007774324824782186, 0.0018857081816654186]
[0.0008869778254747829, -0.000467098833479368]
[-0.0002916735538030929, 0.0011833612580046393]
[0.0017870219599659676, -0.0006249159712038432]
[-0.00025236052978183654, -0.0014906009543622645]
[0.00016171500987760545, -0.0002752030914153769]
[-0.00030065130468075185, -0.00040378897876519604]
[-0.0007353946284206492, 0.00021172185452877912]
[-0.00011145135212156654, 0.0002485468779691302]
[-0.0006187699220860515, -0.00029714378059353397]
[-0.0009876064249533245, 0.0010188500790970778]
[0.0008015157865549905, 0.0014382956717305106]
[-0.0006931449909460263, -0.0005029054038985792]
[0.00048662551761752965, 0.0013711941173633058]
[0.0007334471902935985, 0.001216121689597227]
[0.0017996784176644992, 0.0004605146844922636]
[0.0004319490896467215, -0.0010258481737866199]
[0.00035973010555739177, -0.0007878375047109254]
[0.0011766889910727607, -0.00018733100127257818]
[-0.0006170584646312278, 0.0006570847055752393]
[-0.0006627420807655271, 0.001526176441415908]
[-0.00020035568867931338, 4.068387377553773e-05]
[-0.0006791222894531046, 0.000522244439608785]
[0.0005819810999799346, -0.0010757716584381405]
[-0.0018882818073961138, -0.00045524801249743896]
[0.002334255089947359, 0.0006783166264957563]
[-0.0005759708340530023, -0.0012337484802747711]
[-0.0007217949788884091, -0.0011426433322306029]
[-5.7433895647635014e-05, -8.344354497239609e-05]
[-0.0019795949334943733, 0.0006478117394417837]
[0.00010953005102654068, 0.0014021883438014027]
[-0.00044554307090258205, 0.0015020326811457374]
[0.00012080357819026222, -0.00025654335605661965]
[0.00037121135901235086, 0.0007617826641534153]
[0.0010916988996667043, -0.00020199756120652113]
[-0.0011187181434521784, 0.00010173501537102947]
[6.600511643985174e-05, -0.0002166606343230494]
[0.0006856436493290763, 0.0002744664503146199]
[-0.0008285804480776121, -0.0006017379122020706]
[-0.0008311104407309131, 0.0005779287861707311]
[-0.000879394023894059, 0.00016235980336450073]
[-0.0003158770704283914, -0.0008015729626801305]
[-1.6550687226293825e-05, 0.0006343819078387658]
[-0.0006344635930736614, 0.0004202843202933751]
[0.0011099698007330377, 8.851129351014099e-05]
[-0.000540044883479314, 0.00047395532096415616]
[-0.0008503811348852114, -0.0013758886944204626]
[-0.0009653079345232143, -0.0001950269174664787]
[-1.444624751444773e-05, -7.799420089384806e-05]
[-0.000571196065116443, 8.47184633337543e-05]
[0.0002984044423889054, -0.0012948060776179307]
[-0.00012367676492764518, 6.47256614770865e-05]
[0.0001989986318084759, 0.000915994839008468]
[-0.0004709276058427383, 0.0012700923056449126]
[-0.002194912167330902, 0.000388353608356898]
[0.0006938368430782268, 7.730734260520938e-06]
[0.0002774586004683204, 0.0002233972469572621]
[-0.001532862873256366, 0.00039350926027173234]
[-9.331505474722418e-05, 0.0004583635139272235]
[0.00016125629399348432, 0.00102165780092708]
[-0.0008190953388779003, -0.0003355057786311663]
[0.00029038991286804705, -0.00047485386429279176]
[0.00016287663594651697, -0.0007242312047382946]
[-0.0008026676540604794, 0.0005957472018732583]
[8.618938611196919e-05, -0.0009886841050671114]
[0.00042982850797891603, -0.0002484837958134866]
[9.825350345401412e-05, -0.0008003651185386207]
[-0.001139746220053764, 0.0009250869360471134]
[0.000222604343188805, 0.00022554082043976798]
[-1.244675494498082e-05, 0.00021039651257381657]
[-0.0010249659216371582, 0.0013574815150361463]
[0.0005666492092698955, 0.00028120563542197337]
[0.00012230755173961438, 0.0008605141247198245]
[0.0008587346722726263, -0.0011437456855857182]
[0.00026640029961136347, 4.959583539645984e-06]
[0.0018340841596058977, 0.0009455177455986209]
[-0.0008221773354634351, -0.0003025308144077865]
[0.0001776363214352067, -0.0014105845044995874]
[-0.0005800111259463628, -0.0004979319454130882]
[-0.001623161039572732, 0.00016212362080252757]
[0.0009970458067560112, 0.0019908825538850206]
[-0.002156740201504803, 7.91131342365442e-05]
[-0.0008780384219002416, 0.0007482772816295724]
[0.0005443657233086818, 0.0007958571930703762]
[-0.001383134991084757, 0.00045376983258632597]
[0.0008714743032144368, -0.0007783991910663285]
[0.0014393565416033994, -0.001424179573947415]
[0.0004934422960614915, -0.0005420056134109591]
[0.0009729583048049776, -0.00022774094535132905]
[-0.0004923185920455431, -0.0003049333875524973]
[0.0011239191149409085, 0.0018074123412610554]
[-0.0010502264197811834, 0.0006758851988209469]
[-0.0010277811109975707, 0.0021065818933196923]
[-8.680700119959028e-05, 0.0003220384065415194]
[0.000272039928057112, -0.0010034825374335976]
[-0.00037747412083899423, -0.001515667108465929]
[-0.0007132238018019849, 0.0003934214190730867]
[0.00013863202316179157, -0.0011465395107468912]
[-0.0001371287476816252, 0.00034044347026235267]
[-1.54227729971812e-06, -0.0009420201679541385]
[-0.00011633386374412802, -0.0003195072847946012]
[-0.0004114631793347978, -0.00028051624223265903]
[-0.00017312865669920352, 0.0007125315349835737]
[-0.0006794641394459178, 0.0011444808536069107]
[0.00020067389127183255, 0.0012579624158671476]
[-0.000933718671417734, 0.000543365753587266]
[0.0007569972822097648, -2.5308676038254818e-05]
[0.0002601103258337775, -1.9012185054151365e-05]
[0.00019658733273000828, -0.0002964502838052052]
[-0.0015474034761677122, -0.0005222385280511666]
[-0.0009551538626468431, -0.0003766097842365923]
[-0.0005234840427175563, 0.0001374451752225725]
[-0.0007968043581378509, 0.000533894823780301]
[0.00022939271394106786, -0.000390496549186492]
[9.425896100874465e-05, -0.0005100910237716277]
[0.0014206981596907864, -0.0002586253385100379]
[-0.0006600710279244387, -0.0006530826007312834]
[-0.001508722932647066, 0.00020670133470540586]
[0.0008563599193052857, -0.0007594225797192267]
[-0.0005758691153150627, 0.0011036237130158666]
[-0.00013684573539629596, 0.0006320331982463123]
[-6.258782002726074e-05, 0.0013506301852476699]
[-0.000444340598095172, -0.0011473892174359915]
[0.00023154014871737752, -0.0009741147630740743]
[-0.000873774751010789, -0.0007526562066963241]
[0.0002374976273638793, -0.00018409649748844792]
[0.0008290182154672421, 0.0006576524348770665]
[0.00020861442392961643, 9.254502671972309e-05]
[-0.00012368266537893247, 0.0007145984897250247]
[-9.985465416294942e-05, 0.0011678747242966359]
[-0.0007002618362494523, 0.0004178742407335359]
[0.0003555130841680909, 0.0008935948754486556]
[-0.00025267318681213013, -0.0011257967584533107]
[-0.0006915754515207581, 0.0003914623388710098]
[9.029605122956585e-05, -0.00013196908508126236]
[-0.0009234176617289314, 0.0005128441331868766]
[-0.0002244117982444921, -0.0009488921531928627]
[-0.00023765977311873687, -0.0009093269882427743]
[3.321268932292981e-05, -0.000549326931440003]
[-0.00014708011856846837, 0.00039130165642076165]
[0.0012933720885962008, -1.623648818011806e-05]
[0.00021482817707641627, 0.0006421931376822329]
[8.791910311688883e-05, 0.0005849223184115227]
[7.620741493610805e-05, 0.0010804842565129182]
[0.00012386988392091083, 0.00013403482630168365]
[0.0004960896099984596, 0.0004489965694140542]
[-5.663264148818292e-05, -0.0004111988029957482]
[0.0003113302778322332, -0.001317256569438794]
[0.00038827862342536226, -6.796713949951474e-05]
[-0.001110361219200151, 4.2488238038589955e-05]
[0.0005725481260655278, 0.0011589658298738169]
[-0.00048157041868697806, 0.00044565783027097254]
[-0.00048790501189167543, 0.001153206556671428]
[-6.396697169617355e-05, -0.000408276092299765]
[0.00013210191064976992, 0.0001255776573653826]
[-0.0005062550840051888, -0.0001325183303054825]
[0.0005403372258196322, -0.000645698857869869]
[-0.00027614030111816623, 0.0008419463056640666]
[0.0007977188063255994, -0.0006718248622734416]
[-0.0007251057544668399, -0.00047639127223566245]
[-4.568372387069031e-05, -0.0006186884060273082]
[-0.00025888885035976056, -0.0012939423368033892]
[0.0003684370899391873, 0.0013486010500639092]
[-0.0011639870401327357, 0.0005006944411038348]
[0.0002974881672750118, 0.00022471872545037908]
[6.262068426565737e-05, -0.00020435938301933444]
[3.345535926928961e-05, 0.00018771932594133234]
[-0.00018605358192540222, -0.0004848261882208441]
[-1.2310906394710774e-05, -0.00024881638981318066]
[0.0006532354392953799, -0.00038271594508671597]
[0.00042971546296783486, -0.0010908464268706147]
[-0.0011989010740640627, -0.0002541022082760275]
[7.976450198037693e-05, 1.9690212876233293e-05]
[-0.0005506413166197904, -7.991601545852267e-05]
[-0.001173402850445579, -0.0002002564134511997]
[0.00037233580762481566, -0.00016324222180500586]
[0.0004451991897844246, 0.0006452260656261977]
[-0.0005587304209627025, -0.0008434450568855223]
[0.0007610611991387857, 0.00013204238868100293]
[-0.00035936982635351167, 0.0002522668363945657]
[0.0003587609908749928, 0.0007002826225943615]
[0.00012138389002512573, 0.0005235401697046699]
[-0.0008628562003412566, -0.0015191521334761149]
[-0.000537175393844902, -0.0002237098240259472]
[-0.0004725791140540959, -0.000579219354856747]
[-0.0005926007142828676, -0.0011900073275189493]
[-2.049185980396162e-05, -0.0011377599883916345]
[-0.0008378588463949371, -0.0010539492657910404]
[0.0002770073097716659, 9.805619924366238e-05]
[-0.00044931157195468585, 0.0003267963318293876]
[-0.0007017339979972226, 0.0004325187889096527]
[0.000577149675335592, 0.0011671337542027982]
[-0.00046594982830663184, -0.0004954799334166704]
[-3.681306345083846e-05, 0.00012644422750671125]
[0.00046453608711531647, -0.00109400559987205]
[-0.0003205622151712523, 0.0002768980808519894]
[8.017325426708244e-05, -3.50473370647475e-05]
[0.0003391615714634505, -0.0008924718273128629]
[-0.0005910445503077705, -0.0003234150237483857]
[4.26561831839492e-05, -0.00034068919246479923]
